%a=[1 1.2 0.3 0.1]
a_t=[0 a]+[a 0]    